Playing Ludo
207
189
192
182
206
180
175
218
182
182
195
183
204
188
193
175
180
185
201
179
191
201
177
211
190
163
188
206
189
169
195
187
191
200
177
195
199
180
190
178
198
180
176
202
180
184
209
181
176
184
207
190
194
189
191
203
179
163
181
190
190
211
202
216
206
174
181
182
192
204
177
176
176
181
174
188
182
185
195
188
196
184
188
173
208
187
187
203
206
184
192
194
200
191
175
196
192
193
188
195
209
193
200
186
201
202
178
193
201
201
196
195
192
192
187
204
198
177
205
201
180
199
205
200
188
178
181
192
207
184
188
186
182
184
207
203
212
195
180
179
194
202
186
194
193
168
195
171
189
197
200
185
178
196
177
187
184
178
189
190
174
204
192
198
195
189
191
185
185
199
203
190
165
180
195
186
204
183
194
183
193
173
176
183
198
207
188
200
200
172
201
193
201
170
204
172
193
159
178
182
184
207
190
179
187
191
186
182
181
196
194
195
190
180
207
191
170
196
190
206
182
207
183
186
201
186
186
187
196
188
195
185
180
195
189
179
181
194
209
173
168
198
193
193
177
190
204
194
155
197
193
200
212
213
201
193
187
197
212
193
192
210
202
204
200
184
211
196
203
205
197
185
210
199
200
187
173
197
192
203
192
199
189
200
190
186
206
199
207
175
186
194
204
199
218
184
196
213
196
195
204
199
196
207
207
198
194
189
190
205
184
193
212
203
190
222
223
178
197
189
208
197
214
183
183
217
199
196
200
184
227
190
188
192
201
185
184
190
185
192
199
202
189
205
211
197
181
174
193
170
195
206
200
210
177
203
215
177
213
207
201
202
191
211
194
214
198
193
199
184
214
189
190
204
209
194
192
206
200
190
199
199
165
195
204
209
194
207
197
209
194
205
194
198
209
188
170
182
182
197
220
202
211
204
196
191
205
181
201
214
208
183
205
195
211
216
193
202
185
186
198
211
199
193
176
207
181
189
201
210
189
211
203
211
193
202
192
211
212
209
198
187
195
193
206
213
219
195
208
199
192
214
209
209
211
202
200
196
194
203
208
209
196
224
206
205
207
190
203
205
193
214
204
201
217
202
195
208
209
198
195
197
193
200
221
217
207
203
191
207
185
194
192
189
192
213
212
199
199
196
Maximum adjustment to desired value = 0.9309829478483229
Minimum adjustment to desired value = 0.0
Maximum immediate reward value = 0.4
Minimum immediate reward value = 0.0
Simulation took 110390 milliseconds