Playing Ludo
103
83
115
114
110
89
99
118
126
103
114
112
116
98
120
112
94
115
104
115
99
95
114
98
118
101
107
107
105
114
128
121
113
88
99
105
127
142
105
111
111
93
104
128
112
87
112
100
116
99
101
97
148
111
97
113
117
106
112
114
124
112
121
105
114
112
88
100
100
128
124
100
123
112
104
107
111
119
96
127
142
111
107
112
107
124
127
119
111
103
105
104
116
119
105
115
105
123
123
117
104
104
95
103
91
126
117
100
119
113
115
106
130
125
103
94
109
108
113
123
114
103
99
103
120
98
113
101
96
83
117
117
129
114
122
108
99
93
128
97
111
110
133
106
87
96
116
128
113
117
117
113
103
100
125
107
127
125
102
119
132
99
124
89
92
108
84
121
119
96
114
94
119
117
106
106
119
106
91
113
104
111
113
118
118
126
89
105
110
93
112
109
103
134
110
120
114
107
112
90
90
110
112
107
125
138
114
120
121
127
107
100
98
110
100
95
101
109
118
118
115
91
103
86
99
108
102
97
111
116
105
100
109
125
111
108
107
125
112
124
122
105
107
119
111
116
104
117
99
125
120
121
100
122
108
120
118
150
109
115
103
125
101
127
126
116
119
135
119
103
107
104
118
120
118
118
115
121
117
128
110
114
123
106
120
99
112
107
105
123
105
114
124
116
110
122
111
109
135
118
117
99
127
128
111
136
101
116
118
116
118
114
129
111
137
103
127
129
100
119
103
111
110
120
131
129
116
130
120
131
113
102
128
115
105
125
115
111
144
94
120
112
114
111
129
104
107
124
113
136
124
133
104
116
100
144
115
112
114
124
124
124
109
118
106
110
124
103
114
126
137
111
128
108
114
113
107
103
111
122
98
121
118
112
121
93
119
148
130
100
104
117
117
108
116
111
129
101
116
110
136
124
122
137
126
116
113
119
107
104
130
129
128
102
102
110
105
122
130
138
115
131
116
108
118
135
109
120
137
132
109
132
137
145
136
113
131
134
132
125
112
128
134
121
126
112
124
129
130
141
125
139
139
124
115
112
124
114
110
122
120
111
117
143
110
124
128
137
110
120
116
133
116
137
112
132
112
116
138
116
130
125
146
138
117
127
125
119
111
116
123
123
142
140
125
130
121
107
131
105
Maximum adjustment to desired value = 0.9215726356805509
Minimum adjustment to desired value = 0.0
Maximum immediate reward value = 0.4
Minimum immediate reward value = 0.0
Simulation took 164189 milliseconds
